0
0
0
0
0
0
0
0
0
-4.94877930880179
0.0268733717252632
3.48825372257563
0.411159166823715
1.02249304767718
0
0
0
0
0
0
0
0
0
0
0
0
0
0
0
0
0
0
0
0
0
0
0
0
0
0
0
0
0
0
0
0
0
0
0
0
0
0
0
0
0
0
0
0
0
0
0
0
0
0
0
0
0
0
1.55945181220112
-2.93795909238467
-0.918822201793184
-4.17030291862322
-0.353969478700372
3.76245488946400
0.721162494917730
-0.635487148626404
0.589369746461912
0.0653391331545681
-0.416029351863914
0.276414804944801
0.671061155245540
-0.767300177401237
-0.556752104906673
-1.20310124861997
0.297671721876484
-0.376818160665864
0.531367642374049
-0.851011408460778
0.252921904905056
0.213282303208804
-0.403704592672510
-0.669229128873322
-6.74850830762937
0.471363633861055
1.27250333149871
-0.353304080195484
1.63654945537189
1.20455598351482
0.119326771225838
0.927061106814959
0.370516246180896
0.842594677232089
0.270295177333425
-0.598068569241149
-0.917064460640151
-0.0621882334921997
-0.0700537878212737
0.824962084226997
0.901933028575077
0.334228430302452
0.752381537466053
0.375867468654826
-0.523612973836415
0.0152813137843992
0.182294680598750
-0.370077948970986
-0.566535564168252
0.687413181807137
0.650591433649542
0.534065943485386
0.470993236499438
-1.11662742824099
-0.844331941885528
0.119785557854282
0.415795574579455
0.290315968305542
-0.125643975546618
0.113428756690765
-0.536263048847231
-0.237899993835009
0.0651227843610860
-0.179695273413988
-0.220501070882149
0.332391862446872
-0.0855930784155712
-0.896094154539496
0.611682245559647
1.19287446637259
-0.834661517104951
-0.270276193917135
0.260635392547258
1.18602288034774
-0.0375625621573565
-1.07097570927281
-0.0131090610523907
0.0336542673693412
0.857571044741338
-0.572661799548033
1.38365917091398
-0.0122099032294503
-0.00965554192494622
-0.506897152172708
-0.168881933730965
-0.201630219381357
0.400964320622869
0.184318332450859
-0.283045974523517
-0.937054010972448
0.193405967173137
0.117942423107406
-0.100259412121061
-0.123900400932571
-1.21943048676069
1.57042510202414
-0.0646957106332238
-0.0569326328034698
0.472547639284587
0.699431579257488
0.147628048786427
0.0141615611353183
0.166275581891406
0.178318402759537
-0.530841152964145
-1.38871624901122
0.446501307309490
-0.283881084553337
1.23995926516241
-0.257298081566985
0.517636601770684
0.433162147605922
0.0564266578227484
0.151303567941655
-0.106576679184587
-0.127586396319449
-0.240403747326049
0.257851526848034
-0.712222564104016
0.108883177264107
-0.157946163110525
-0.0599263701146038
-0.103087654247136
1.65339524096996
0.0321967510020902
0.451506275912952
-0.765217136828594
-1.07308957060080
-0.133255921911933
0.497350812581550
0.578816801909089
-0.551404372760216
0.256991695509575
-0.818371639638957
0.168700961057881
0.00643776268455731
0.208879965561446
-0.142561596845197
-0.0107252915835403
0.894412220198985
0.240312421227430
0.120176919768453
-6.34850670376742
0.547513159300530
-1.25557846938679
1.01534009576680
0.336953189228353
-1.20444604504440
-0.448549910681239
-0.0644465805415049
-2.97840957000586
0.529433505824253
0.241295516169401
0.510537337380182
-0.0724844012932753
0.209811275109530
0.223224603240954
-0.204323340114971
0.462040918353150
0.157677266934485
0.137052970619266
0.315466121462638
0.0250454466050734
-0.0219649415514276
0.198232632546167
0.124629987936725
0.184696153391613
-0.0363436672958759
0.416791129074918
0.122707874241344
0.128882289051088
0.356012040273072
0.708838945458552
-0.125505165726300
-0.321372301163295
0.368466765018897
0.147050554393695
0.590279269892193
-0.450617841775970
0.229278041758541
0.220576460477611
-0.208610656686841
0.0257293322058407
-0.251627322208011
-0.113932913694538
0.253099957649856
-0.127254583567060
0.0931344623160140
0.169761089875662
-0.139445651127247
0.570091920534494
-0.353133542120026
-0.0373033639621552
0.223808438619781
-0.139489601163501
-0.191952532934907
0.246526109903265
-0.319064867242986
0.0100506291941755
0.0712320569066094
-0.328282894466591
-0.0271137575441811
0.198952635975370
-0.107086987945923
-0.00427122860610751
-0.231706373942073
0.00967181073604095
0.127057764578082
0.00814622113419539
-0.0678630124649766
0.0212670189212023
-0.210310505041781
0.103189721767725
0.0380643078021539
-0.156197606289695
0.0554734379224113
-0.299156802428645
0.178128438980351
0.286509651496575
0.163172577932830
-0.0367114613214534
0.104742667047848
0.132073810219276
-0.00567507052634042
-1.26548588709267
-0.0146428210546148
1.26120530281640
0.128672923307934
-0.00837298769238437
-0.338257438725716
-0.779315254533645
0.534466758547077
0.634730399384307
-0.0522524761075696
1.02095629964946
0.245517918755472
-0.0433033902510527
0.552658433114066
0.246127252188735
0.397351885832673
-0.333142753876244
0.0485663018684344
-0.478093880844071
0.618764493811227
0.645182160408244
-0.680820421574521
-0.0790750037293355
0.172450826140381
-0.411767727827089
0.936804192000232
0.117355466606877
-0.0708060346909560
-0.155675278611732
-0.781815879392088
-1.27697938244026
0.885674068981162
0.577198563907119
-0.327720797257990
0.310751400328452
0.552321038088817
-0.608058080625241
-0.0920553860616389
0.662866016080054
-0.113620401438997
0.118010153096487
-0.297850770200086
-2.18193655037210
0.676514897589808
0.673118394630798
1.03790087529936
0.297697192048594
-0.0625558995443738
-2.73150044929467
1.93166213162713
0.922141920075871
-0.328046609513809
0.225351717058859
-0.112887382156121
-1.10487739352406
0.881623371088889
0.397306969179500
-0.0715260603440848
-1.96288121338105
0.828320871701217
-0.486885824604608
0.744312818861118
-0.690705790679285
0.124560851887705
0.824623078528475
0.336086531300361
-3.66007992806189
-0.133165751910887
1.37744367626837
1.35339184261902
-1.52998906624151
-0.0550605384474299
-1.08043097432637
-0.0375063708185692
0.590805707927049
0.281807704060817
0.800245484022140
-0.455166696892458
0.275518449139361
0.0823984421496506
-0.213296491862996
0.494941249293724
0.469287058033656
-0.617877561249230
-0.935762175579721
0.259681858156270
-0.283063596055998
0.749231594915363