  1.1877264e+001  3.6064235e+001 -4.7999534e+001
  1.4191496e+000  4.1527016e+001 -4.8286474e+001
  1.1777108e+000  4.3991250e+001 -4.7082500e+001
  2.7455136e+001  4.8105889e+001 -4.3857651e+001
 -1.3110436e+001  5.2033462e+001 -4.1571063e+001
  3.6258073e+001  5.2942861e+001 -4.0987960e+001
 -1.4084422e+001  5.7665996e+001 -4.2781730e+001
  2.0836550e+001  6.3155870e+001 -3.7573865e+001
 -2.3715772e+001  7.4403785e+001 -3.8454928e+001
 -5.9708188e+001  7.2906610e+001 -3.4808854e+001
  9.1213000e+000  7.6712093e+001 -3.1048386e+001
  2.6176654e+001  7.2717610e+001  1.2969996e+001
  1.0102647e+001  6.4878445e+001  3.8007260e+001
  9.2309791e+000  6.8652060e+001  3.9179805e+001
  1.5544122e+001  6.3149657e+001  3.8475565e+001
  3.5457981e+000  7.0429073e+001  3.9772538e+001
 -8.8525595e+000  6.0627158e+001  3.9259610e+001
 -2.3292599e+001  5.0688233e+001  3.6246946e+001
 -3.1902449e+001  4.8511725e+001  3.4486722e+001
  1.1852437e+001  4.8834946e+001  3.1903647e+001
  3.7577179e+000  4.9145886e+001  3.0395373e+001
  1.6348628e+000  4.7492512e+001  3.0140623e+001
 -1.0765544e+001  2.6639570e+001  3.1654993e+001
 -4.8806907e+001  1.1562386e+001  3.0496457e+001
 -2.3393275e+001  4.9306377e+000  3.2093429e+001
 -1.9156272e+000 -8.6688632e+000  3.3461023e+001
 -8.9174378e+000 -2.2303538e+001  3.2932234e+001
  5.5225454e+000 -2.4937130e+001  3.2819119e+001
  2.9962196e+001 -1.7903098e+001  3.8489524e+001
  3.1172343e+001 -2.2687221e+001  3.6707612e+001
  2.5594092e+001 -2.6356646e+001  3.7893827e+001
  3.7025790e+001 -1.5557235e+001  3.5673879e+001
 -1.1888749e+002 -1.5178859e+001  3.9447162e+001
  4.1380641e+001 -6.6756524e+000  4.1280268e+001
  1.6223125e+001 -1.6741284e+001  3.9198170e+001
 -1.7554891e+001 -2.6532894e+001  2.7859425e+001
  3.1913337e+001 -3.0845826e+001  2.7604988e+001
  2.9585541e+001 -1.3799185e+001  2.9294073e+001
 -2.2131420e+001 -1.0641364e+001  2.8223462e+001
  5.1251839e+000 -2.7935532e+000  2.7839381e+001
  3.8757941e+001 -4.0016598e-001  2.7829517e+001
  7.2057148e+000 -4.5850303e+000  2.7524116e+001
  8.4736682e+000 -6.6081813e+000  2.7515977e+001
  1.8511911e+001 -7.2264292e+000  2.6180470e+001
  3.6208383e+001 -4.1277071e+000  2.5809356e+001
  1.1154960e+001 -3.0070054e+000  2.6129473e+001
  2.9306982e+001 -1.6616828e+001  2.6567188e+001
 -1.1332947e+002 -2.9198924e+001  2.8930631e+001
  7.7983205e+001 -2.5173715e+001  3.0640162e+001
  9.7543089e+000 -2.5468048e+001  3.0411017e+001
 -1.8950365e+001 -2.3678210e+001  2.8496427e+001
 -3.8987625e+001 -1.6671414e+001  2.9958037e+001
  1.8314101e+001 -2.0900031e+001  2.9529312e+001
 -2.3143414e+001 -2.4371850e+001  2.7727462e+001
  1.6960978e+001 -2.6902206e+001  2.8883643e+001
  2.4920395e+001 -2.7018709e+001  2.7323108e+001
 -2.5589347e+000 -1.4285117e+001  2.7247844e+001
  2.2836310e+001 -1.4722074e+001  2.6943411e+001
  2.4046875e+001 -1.8628262e+001  2.7482167e+001
 -1.1388154e+002 -1.9057970e+001  2.5202783e+001
  3.1392494e+001 -1.9325003e+001  2.3964996e+001
  1.0447789e+001 -1.9747623e+001  2.4436303e+001
  1.8112863e+001 -2.0322878e+001  2.2477112e+001
 -2.0588292e+001 -6.6047135e+000  2.2303512e+001
  2.8033693e+001 -2.6282512e+000  2.1737847e+001
 -8.5531081e+000 -9.1131590e+000  2.0627089e+001
  1.6052011e+001 -9.5116946e+000  1.9811005e+001
  4.1425870e+001 -7.4531634e-001  1.9387580e+001
  8.2116716e+000 -3.7551292e+000  1.9175244e+001
  2.8199441e+000  5.6343920e+000  1.9329956e+001
 -2.6224139e+001  3.5784380e+000  2.0086842e+001
 -3.0395834e+001 -2.8673190e+000  2.2886855e+001
  6.4665513e+000  6.0776679e-001  2.4292187e+001
  2.2800548e+001  1.1558115e+001  2.6568753e+001
  2.3845993e+001  1.2419170e+001  3.2459402e+001
 -3.8809309e+000  2.2906389e+001  3.9100338e+001
  4.8158299e+000  3.1044457e+001  4.8137222e+001
  1.2012340e+001  3.4314205e+001  5.6380245e+001
 -2.4004355e+000  2.5863008e+001  5.9207962e+001
 -4.5873934e+000  2.8673750e+001  6.2667928e+001
  8.4408764e+000  2.8207252e+001  6.1558487e+001
  6.1136804e+000  3.0338382e+001  6.8070626e+001
 -8.7379941e+000  2.3323514e+001  7.3654395e+001
 -2.1780771e+001  2.2420749e+001  7.8404344e+001
  7.0571434e+000  2.4446882e+001  8.2357284e+001
 -2.0616173e+001  2.4766725e+001  8.4074094e+001
 -2.4703838e+001  3.2496314e+001  8.3438720e+001
 -1.2234320e+001  3.3401415e+001  8.4782788e+001
  4.6050039e+000  3.0112581e+001  8.4244343e+001
 -8.0200923e+000  2.4837727e+001  8.4210173e+001
 -3.2836028e+000  2.8457773e+001  8.3283360e+001
 -2.3404957e+001  2.8662219e+001  8.2503589e+001
 -5.1635102e+001  2.8211172e+001  8.2046703e+001
  1.7629034e+001  3.1870118e+001  8.2309318e+001
  2.8852567e+001  3.2943743e+001  8.2906258e+001
 -3.2334470e+000  3.0787362e+001  9.0636602e+001
  5.4779160e+000  2.9492062e+001  9.0108710e+001
  1.3392606e+001  2.4379898e+001  8.7644137e+001
 -2.0695131e+001  2.2305826e+001  8.7342078e+001
 -1.6926428e+001  1.7553846e+001  8.5175825e+001
 -1.4481720e+001  1.9579528e+001  8.2124082e+001
 -2.7905974e+001  1.5325625e+001  7.9802494e+001
 -2.0603923e+001  6.6050133e+000  7.6940854e+001
  2.4593617e+000  5.2064363e+000  7.4902921e+001
  8.0737094e+000  6.4408016e+000  7.4552985e+001
 -1.2686365e+001  5.8717881e+000  7.6303274e+001
  2.1295614e+001  2.3152379e+000  7.5263331e+001
 -5.5340049e+000 -1.0420402e-001  7.3798002e+001
 -1.4094586e+001 -5.1907858e+000  7.3311743e+001
 -4.1144816e+001 -7.0250454e-002  6.9256550e+001
 -3.0203598e+001  4.0168636e+000  6.5202347e+001
  1.9756817e+001  2.0747382e+000  6.4137486e+001
  4.4158066e+001 -1.1635205e+001  6.6031619e+001
 -9.4134027e+000 -2.6989275e+001  6.4476268e+001
 -1.7563488e+000 -2.8560190e+001  6.2795197e+001
 -3.2718849e+000 -1.8118631e+001  6.3037695e+001
  3.8182463e+001 -1.7815095e+001  6.3383152e+001
  1.2823165e+001 -1.6074045e+001  6.2912592e+001
 -2.4833825e+001 -1.2980612e+001  6.2491246e+001
 -3.3239484e+001 -1.1752929e+001  5.7772362e+001
 -6.9058380e+001 -8.8587205e+000  5.5610994e+001
  2.2053562e+001 -7.1496591e+000  4.7631983e+001
  5.2622851e+000 -5.8493926e+000  4.5218187e+001
  3.9375126e+001 -6.0256147e+000  4.6868042e+001
  4.7755440e+000 -1.4599633e+001  4.9090574e+001
  3.9798695e+001 -2.1648058e+001  4.7067962e+001
 -3.3638374e+000 -2.2325852e+001  4.9308285e+001
  1.4313223e+001 -2.0394489e+001  4.9144534e+001
 -5.6917081e+000 -1.8570670e+001  4.9186035e+001
  8.0173133e+000 -1.4091428e+001  4.6914662e+001
 -1.7607974e+001 -2.0428498e+001  4.7337670e+001
  2.5346595e+000 -1.9406725e+001  4.4928493e+001
  7.6943842e+000 -1.5441912e+001  4.4821190e+001
 -6.0900669e+000 -1.2943613e+001  4.4667483e+001
  4.3625695e+000 -1.0709081e+001  4.4830665e+001
 -8.3663759e+000 -1.1038437e+001  4.5151206e+001
  2.7814770e+001 -1.6187144e+001  4.4718634e+001
 -1.5603203e+001 -1.9207493e+001  4.3680613e+001
 -3.7171427e+001 -1.8687426e+001  4.3116599e+001
  1.0282813e+001 -1.6778861e+001  4.2066028e+001
  9.1332902e+000 -1.6058733e+001  4.1997810e+001
  3.7627615e-001 -1.1620012e+001  4.1633873e+001
 -8.8554222e-001 -1.3406032e+001  3.8906986e+001
 -2.7678762e+001 -1.5460787e+001  3.6807968e+001
  3.2846940e+001 -1.7063529e+001  3.4406341e+001
  4.8174606e+000 -1.5149842e+001  3.4712132e+001
 -9.3888162e+000 -1.1885970e+001  3.5948683e+001
 -3.2223765e+001 -1.2206272e+001  3.5798180e+001
 -3.3627147e+001 -1.8064192e+001  3.4242495e+001
  2.3814017e+001 -3.0415359e+001  3.1529545e+001
 -3.1434254e+000 -3.4786570e+001  3.1494449e+001
  4.2433561e+001 -2.8283794e+001  3.1121187e+001
  3.6776132e+001 -2.0513981e+001  3.1614078e+001
  1.0236695e+001 -2.0129152e+001  3.2378585e+001
  6.6985244e+000 -2.0655566e+001  2.8507874e+001
 -2.2438595e+001 -2.1707229e+001  2.3136331e+001
  2.1597024e-001 -2.9906067e+001 -8.6422823e+000
 -1.0782047e+001 -3.3742532e+001 -3.2275320e+001
  2.2642261e+000 -3.9107835e+001 -3.9730776e+001
  2.5374219e+001 -4.1637208e+001 -3.9854409e+001
  1.6307774e+001 -4.2217344e+001 -4.7462268e+001
  2.3651939e+001 -4.7388655e+001 -5.9138248e+001
  1.3375910e+001 -4.3610410e+001 -5.0796089e+001
 -8.4990519e+001 -2.8522284e+001 -4.3227428e+001
  7.7588405e+000 -2.8179743e+001 -4.3955318e+001
  1.9992559e+001 -2.9791726e+001 -3.8952554e+001
  3.6266063e+000 -2.9464658e+001 -3.4173745e+001
 -1.4913496e+001 -2.4412579e+001 -1.9793958e+001
 -1.5119945e+001 -2.3846409e+001 -1.6981311e+001
 -1.6309721e+001 -1.9287239e+001 -1.5702903e+001
  1.4822209e+001 -1.3734028e+001 -1.2562525e+001
  1.7470658e+001 -7.3184914e+000 -1.0836047e+001
 -6.4674892e+000 -1.3196537e+001 -8.7882424e+000
  5.4318648e+001 -1.4912229e+001 -6.1549843e+000
  1.6408299e+001 -4.6836299e+000 -6.2823469e+000
 -1.2476234e+001 -5.5048995e+000 -1.0591038e+001
  4.0221815e+000 -1.4225609e+000 -1.1067882e+001
 -9.5514251e+000  5.6316240e-001 -1.3542264e+001
  1.5349980e+000  2.5853840e+000 -1.9036430e+001
 -1.6277676e+001  4.2153765e+000 -3.0111892e+001
  1.6799597e+000  8.3586955e+000 -3.0413691e+001
  7.5517335e+000  9.9951385e+000 -3.5314277e+001
  6.4679014e+000  8.0458397e+000 -3.0046746e+001
 -5.8841549e+000  6.7866224e+000 -2.8337194e+001
 -7.0028353e+000 -1.4706064e+000 -3.1498233e+001
  8.8564418e+000 -2.8061936e+000 -3.6474806e+001
  2.3819467e+001 -1.0495323e+000 -4.0260406e+001
  7.2006221e+000  1.4341779e-001 -4.4089115e+001
  3.3654643e+001  4.1204807e+000 -5.0300766e+001
  9.0170516e+000  8.2012024e+000 -5.3667893e+001
  4.8244307e+000  7.8077636e+000 -4.3156209e+001
 -5.7784646e+001  1.0732402e+001 -3.0749420e+001
 -9.8360289e+000  6.9149882e+000 -2.7586977e+001
  8.2603026e+000  1.0754091e+001 -2.1328513e+001
  8.7731623e+000  1.0720149e+001 -1.2311553e+001
 -1.6070155e+000  1.1512004e+001 -1.5592991e+001
  7.5292669e-001  4.7508110e+000 -2.0096505e+001
  1.0491548e+001  2.8586272e+000 -2.1962740e+001
  1.7854315e+001  6.7366479e+000 -2.6279139e+001
  1.6479207e+000  6.7918846e+000 -2.4281556e+001
  1.1256173e+001  8.3143384e+000 -2.1029189e+001
  1.4845881e+001  1.2152016e+001 -2.1263231e+001
 -6.9507835e+000  1.0884845e+001 -1.2556860e+001
 -1.0942252e+001  1.2045029e+001 -1.1234152e+001
  5.0612951e+000  9.7307477e+000 -1.5249667e+001
  1.7593023e+001  9.5003898e+000 -2.0056845e+001
 -5.3562539e+000  4.8876619e+000 -3.3116400e+001
 -1.1069698e+001 -1.1988665e+000 -3.6877085e+001
 -1.6356467e+001 -5.7500851e+000 -4.3390212e+001
  2.0726901e+000 -1.2471856e+001 -3.5072926e+001
 -7.2507984e+001 -1.2294257e+001  2.3924157e+000
  5.2515634e+001 -1.4240912e+001  2.2546899e+001
  6.8410866e+000 -1.1721000e+001  3.1437471e+001
  1.6291965e+001 -9.4645709e+000  2.2677453e+001
  4.1772023e+000 -4.1621354e+000  5.6559678e+000
 -3.5749730e+000 -2.6372904e+000 -8.3601132e+000
 -6.1641239e+000  5.8864481e-001 -2.8202887e+001
  5.0640867e+000  9.8600600e-001 -3.2216803e+001
 -2.8023398e+001 -1.5247888e+000 -2.8315961e+001
 -3.5936037e+000 -1.0572129e+000 -2.8467272e+001
  3.9093900e+000 -6.0032006e-001 -3.1971838e+001
  1.9955982e+001 -4.6097780e+000 -3.0114268e+001
 -1.3962024e+001 -7.1340883e+000 -2.7313653e+001
  2.0769720e+001 -5.2870823e+000 -2.6067967e+001
 -8.8458500e-001 -4.6701283e+000 -2.1786978e+001
  4.8657244e+000 -2.0734209e+000 -2.4824867e+001
  8.0358310e+000 -5.7673103e+000 -3.7067596e+001
  1.3348299e+000 -1.0216153e+001 -4.3574369e+001
 -1.6511711e+001 -1.4998768e+001 -4.4414109e+001
 -1.2964772e+001 -1.8049531e+001 -4.2549150e+001
  7.2050396e+000 -2.0243147e+001 -3.6774065e+001
 -2.2725925e+001 -1.7067111e+001 -2.9131018e+001
  4.9217814e+000 -2.0494498e+001 -2.4029824e+001
  9.3790881e+000 -2.3657601e+001 -2.4769818e+001
 -2.6620982e-001 -2.4209374e+001 -2.7496711e+001
  5.2456798e+000 -2.1814152e+001 -2.7657618e+001
  1.5860117e+001 -2.0471188e+001 -2.7667438e+001
 -5.7212752e+000 -1.6234587e+001 -3.2931810e+001
  6.3474415e+000 -1.0305029e+001 -4.1339754e+001
 -3.6506293e+000 -1.0696206e+001 -4.2520389e+001
  7.0129176e+000 -1.0944981e+001 -3.9163666e+001
 -1.4153565e+001 -8.7624762e+000 -3.6975664e+001
 -1.4087793e+001 -8.3426734e+000 -3.4393160e+001
  3.7493294e+000 -6.9405013e+000 -3.7209705e+001
 -5.7215348e+000 -9.6211533e+000 -4.3565331e+001
  1.2172075e+001 -1.3516660e+001 -4.9777458e+001
 -3.5550544e+000 -1.6305239e+001 -5.1065947e+001
  2.2674950e-001 -1.2900191e+001 -5.3271231e+001
  9.2547625e+000 -1.4770019e+001 -5.1937118e+001
  1.2684528e+000 -1.6642444e+001 -6.2612195e+001
  7.6712915e+000 -1.8613468e+001 -7.4027987e+001
  3.8236870e+000 -2.1281366e+001 -7.1124684e+001
 -3.5337680e+000 -2.4094370e+001 -7.1630010e+001
 -1.7991262e+000 -2.1990202e+001 -6.9754983e+001
 -9.1477598e+000 -1.9470124e+001 -6.0002646e+001
  8.7955872e+000 -1.4025083e+001 -5.2276066e+001
  6.2147821e+000 -1.6990867e+001 -4.4611058e+001
 -7.8782584e+000 -1.6569835e+001 -4.2170597e+001
 -2.1331934e+000 -1.2353901e+001 -4.7607340e+001
  1.1997414e+001 -7.3546099e+000 -5.2414759e+001
  9.7272744e+000 -2.0997415e+000 -5.0244208e+001
  3.3912665e+000 -8.2773315e-002 -4.9350560e+001
  6.2254395e+000  2.5233823e+000 -5.3769615e+001
 -7.6480942e+000 -6.6503952e-001 -4.9211066e+001
  1.0058884e+001 -2.7307567e+000 -4.5626448e+001
 -1.4504209e+001  3.3605937e+000 -4.5825058e+001
  1.5538163e+001  1.3825972e+000 -3.7917807e+001
  9.1344829e-002  1.7853593e-001 -3.8866720e+001
 -1.6652925e+001 -5.8984103e+000 -4.5345351e+001
  1.8455807e+001 -4.7486586e+000 -5.0959747e+001
  2.5209171e+000 -4.3823616e+000 -5.0914015e+001
  7.5542994e+000 -5.9865743e+000 -5.0022169e+001
 -6.5196785e+000 -1.0130735e+001 -5.2828687e+001
  3.7967626e+000 -1.1057327e+001 -5.1556861e+001
  7.4353624e+000 -1.2532061e+001 -4.5752707e+001
 -1.3763331e+000 -1.4613237e+001 -4.6556811e+001
  7.5297459e+000 -1.6680150e+001 -4.5105120e+001
 -2.8169654e+000 -1.3756424e+001 -3.4106373e+001
 -2.7985899e+000 -1.4202325e+001 -2.7552002e+001
  4.8222329e-003 -1.5530526e+001 -3.3584021e+001
  6.0518681e+000 -2.1817754e+001 -3.7833005e+001
  1.6291061e+000 -2.8534732e+001 -3.6585397e+001
 -6.2116656e+000 -2.5777197e+001 -3.2076938e+001
  8.8927700e+000 -2.5340876e+001 -2.5297324e+001
  6.7032393e+000 -2.3468680e+001 -2.0398381e+001
  8.3749442e+000 -1.2778005e+001 -2.3155210e+001
  1.0604421e+001 -1.1111114e+001 -2.0965669e+001
 -1.2363091e+000 -1.0156435e+001 -2.2019109e+001
  6.5637735e+000 -1.3183241e+001 -3.1964302e+001
 -2.5862805e-001 -1.1919527e+001 -4.0623599e+001
  9.6052720e+000 -1.3090840e+001 -4.7880392e+001
 -1.1955693e+001 -1.2665023e+001 -4.3921656e+001
 -1.4246198e+001 -1.2860628e+001 -5.0796826e+001
  8.2447311e+000 -9.5199197e+000 -5.0117913e+001
  1.6151273e+001 -8.6151958e+000 -4.7715202e+001
  6.3740103e+000 -6.3377072e+000 -4.8578005e+001
  9.3537761e+000 -7.4419559e+000 -4.3951635e+001
 -2.6285718e+000 -8.0683749e+000 -4.8719772e+001
 -3.3763230e+000 -9.4863921e+000 -6.0203990e+001
  2.1968859e+001 -1.2552162e+001 -7.1037882e+001
  6.5099573e+000 -2.1312447e+001 -7.8346740e+001
 -2.0769630e+000 -2.2245072e+001 -8.5988804e+001
 -2.4402555e+000 -2.6368686e+001 -8.2374175e+001
 -9.5454823e+000 -2.7400407e+001 -8.4194077e+001
 -4.9415676e+000 -3.2663661e+001 -9.2579339e+001
 -2.3259575e+000 -3.6223894e+001 -9.3342873e+001
 -1.7927955e+001 -3.3715263e+001 -9.5300261e+001
  1.5807087e+000 -2.5330023e+001 -8.3485205e+001
  2.1614169e+000 -2.2860420e+001 -8.9036266e+001
  1.5236592e+001 -2.6253009e+001 -9.8862796e+001
 -3.1665546e+000 -2.5999661e+001 -1.1477949e+002
  3.8029488e+000 -3.4603172e+001 -1.0708049e+002
  5.7582262e+000 -3.4341206e+001 -1.0542111e+002
 -5.7633053e+000 -2.6895719e+001 -8.9666489e+001
 -2.6146555e+001 -3.2064534e+001 -7.0054530e+001
 -3.5336968e+000 -2.4698869e+001 -6.5177953e+001
 -1.9327957e+001 -3.0246217e+001 -6.3017767e+001
  2.7963847e+001 -2.7591052e+001 -5.0818783e+001
 -2.0152298e+000 -2.3172957e+001 -4.3024350e+001
  8.0714164e-001 -1.8583331e+001 -3.3336707e+001
  9.2256637e+000 -7.2755195e+000 -3.3607796e+001
 -3.7970419e-001 -7.0621783e+000 -2.6991711e+001
 -1.4793140e+001 -5.1203984e+000 -2.2132046e+001
  1.7804170e+001 -7.8637550e+000 -1.8640096e+001
  1.1297685e+001 -5.1183375e+000 -1.1075818e+001
  5.7752374e-001 -1.8724934e-001 -1.0536887e+001
  1.1980896e+001  2.0434336e-001 -2.3615157e+001
  8.9069521e+000 -1.8416091e+000 -1.5650192e+001
 -3.6317133e+000 -2.4055674e+000 -6.9606763e+000
  1.0916156e+001 -1.1147396e+000 -1.0448920e+001
  1.4222967e+001  1.9304915e-001 -7.6318325e+000
  6.6054499e-001  2.1135652e+000 -2.2199565e+000
  7.5392812e+000  3.5724914e+000 -5.2134459e+000
  9.3120848e+000  4.3322937e+000 -4.4144410e+000
 -2.1704285e+001  4.3285663e-001 -2.2118828e+001
 -2.1978231e+000 -2.7249228e+000 -2.5508154e+001
 -8.3383314e+000 -6.3317683e+000 -2.3794662e+001
  1.1862299e+001 -6.6418753e+000 -3.2026084e+001
 -1.5579664e+001 -7.8994973e+000 -3.2283253e+001
 -1.2351777e+001 -7.0930185e+000 -2.5901573e+001
 -2.7635760e+001 -8.4699160e+000 -2.8926614e+001
  3.4973662e+001 -1.3592323e+001 -3.3854019e+001
  3.1832442e+000 -2.2825001e+001 -2.9512052e+001
 -6.6428334e+000 -2.3853606e+001 -3.5352326e+001
 -2.0532356e+000 -2.5504598e+001 -5.3294461e+001
  4.3699967e+000 -2.7329112e+001 -6.8777663e+001
 -7.7064767e+000 -2.7620139e+001 -6.9408597e+001
 -1.5784039e+001 -2.4474297e+001 -6.2967094e+001
  1.2662370e+000 -2.1880007e+001 -5.6330429e+001
 -3.3499026e+000 -1.6541824e+001 -3.6558818e+001
 -1.0344827e+001 -1.5577811e+001 -2.9697796e+001
  1.1128248e+001 -1.8926904e+001 -2.7909180e+001
 -2.6839945e+000 -1.9304870e+001 -3.2099939e+001
  8.5059538e+000 -1.9664905e+001 -2.5961883e+001
 -4.8079343e+000 -1.8818894e+001 -2.3515603e+001
  1.0509678e+001 -1.2031502e+001 -1.8152052e+001
  2.3463036e+001 -5.5781478e+000 -2.2702727e+001
  2.1602234e+000 -3.3183294e+000 -3.2176257e+001
 -2.9527276e+001  1.4640732e+000 -2.0413069e+001
  9.6564635e+000  3.4229444e+000 -8.1287983e+000
  2.7620361e+001  3.0665459e+000 -2.4999510e+000
  9.0965472e+000  6.9081405e+000 -1.2433428e+001
 -1.8530442e+001  1.0495301e+001 -2.9785972e+001
  2.2736703e-001  1.3513622e+001 -2.6921939e+001
 -1.3919671e+001  1.2488285e+001 -1.9121818e+001
  1.0747082e+001  1.2450670e+001 -1.6802452e+001
  7.9993064e+000  1.4555844e+001 -1.5288310e+001
  1.2142171e+001  1.5804106e+001 -2.6110059e+001
  1.4776328e+001  3.0342871e+001 -1.9733383e+001
  3.5474879e+000  3.2796762e+001 -1.9239905e+001
  2.1364909e+001  3.5016057e+001 -1.5373749e+001
 -5.2978415e+000  3.9457998e+001 -1.0710175e+001
 -6.0993482e-001  4.0576355e+001 -9.0703909e+000
 -4.2848993e-001  3.7861192e+001 -4.6057516e+000
 -9.5097318e-001  3.3968685e+001 -4.2078243e+000
 -5.2011784e+000  2.7685240e+001  5.1947353e+000
  2.6643549e+001  2.2303495e+001 -1.6303715e+000
  5.7723136e+000  2.9108653e+001  5.3045002e+000
 -1.5282667e+001  3.2336099e+001  1.4628859e+001
  1.0227815e+001  3.1633912e+001  1.6821610e+001
  8.1693312e+000  3.3372806e+001  2.7826717e+001
 -5.7426702e+000  3.9162531e+001  1.4557807e+001
 -6.1610162e+000  4.0295981e+001 -1.2652146e+000
  1.1203744e+001  3.4571516e+001  8.4870277e+000
  4.6284428e+000  3.5088299e+001  1.3766046e+001
  5.3421734e+000  3.5579781e+001  2.7544489e+001
  4.8330268e+000  3.5709126e+001  2.6023824e+001
  2.5546029e+000  3.1678585e+001  2.1519375e+001
 -6.1856642e+000  2.0805542e+001  3.4658642e+001
 -2.5840888e+000  1.5329085e+001  4.0869744e+001
  9.9203800e-001  1.3559321e+001  5.0765625e+001
 -6.8307513e+000  1.9668683e+001  4.9653475e+001
  1.6011330e+000  2.3688148e+001  4.3350665e+001
  7.8602368e+000  2.2364507e+001  3.3650406e+001
  4.6624634e+000  1.7539813e+001  3.5446577e+001
 -8.2525810e+000  1.2955454e+001  4.4221894e+001
 -1.8235353e+000  1.5534344e+001  3.8656224e+001
 -2.5772085e+000  1.8024581e+001  4.3150063e+001
  1.6644006e+000  1.5895220e+001  5.4727492e+001
 -7.1471130e+000  1.5075465e+001  5.7502428e+001
 -1.5265194e+000  1.7602790e+001  5.6268619e+001
  1.6556261e+001  2.1046427e+001  6.2150966e+001
 -5.2276346e+000  2.6976715e+001  5.9417294e+001
 -4.7113545e+000  2.9892896e+001  4.5027511e+001
  5.6058877e+000  3.1524392e+001  3.7170520e+001
 -6.0633355e+000  3.2620687e+001  3.7071510e+001
 -3.5839241e+000  3.3443609e+001  4.0696713e+001
 -1.3939093e+000  3.4715997e+001  3.0111544e+001
  2.9826302e+000  3.4870975e+001  3.7938107e+001
 -1.2282079e+000  3.7503923e+001  4.2135816e+001
  4.5789099e+000  4.0206737e+001  4.8918468e+001
 -8.7642450e+000  4.3335624e+001  5.0165489e+001
 -4.5300167e+000  3.9702492e+001  5.5749458e+001
  7.3054578e+000  4.3253674e+001  6.3745744e+001
 -1.1455108e+001  4.7054656e+001  6.0214855e+001
  1.4142312e+001  5.0869390e+001  6.5459708e+001
  1.0104911e+001  5.6806754e+001  7.3676382e+001
 -3.0388197e+000  5.7274224e+001  8.1208621e+001
  7.3158594e+000  5.6824304e+001  7.8115411e+001
